Line    Op    R   L    M 
0      jmp    0   0    8 
1      jmp    0   0    2 
2      inc    0   0    4 
3      mul    1   1    0 
4      sub    0   0    2 
5      jpc    0   0    7 
6      cal    0   0    2 
7      ret    0   0    0 
8      inc    0   0    6 
9      sio    0   0    2 
10     lit    1   0    1 
11     lit    2   0    1 
12     cal    0   0    2 
13     sio    1   0    1 
14     sio    0   0    3 


                          pc    bp    sp    registers
Initial values:           0     1     0     0  0  0  0  0  0  0  0

0   jmp  0  0  8          8     1     0     0  0  0  0  0  0  0  0  
Stack: 

8   inc  0  0  6          9     1     6     0  0  0  0  0  0  0  0  
Stack: 0 0 0 0 0 0 

9   sio  0  0  2          10    1     6     5  0  0  0  0  0  0  0  
Stack: 0 0 0 0 0 0 

10  lit  1  0  1          11    1     6     5  1  0  0  0  0  0  0  
Stack: 0 0 0 0 0 0 

11  lit  2  0  1          12    1     6     5  1  1  0  0  0  0  0  
Stack: 0 0 0 0 0 0 

12  cal  0  0  2          2     7     6     5  1  1  0  0  0  0  0  
Stack: 0 0 0 0 0 0 

2   inc  0  0  4          3     7     10    5  1  1  0  0  0  0  0  
Stack: 0 0 0 0 0 0 | 0 1 1 13 

3   mul  1  1  0          4     7     10    5  5  1  0  0  0  0  0  
Stack: 0 0 0 0 0 0 | 0 1 1 13 

4   sub  0  0  2          5     7     10    4  5  1  0  0  0  0  0  
Stack: 0 0 0 0 0 0 | 0 1 1 13 

5   jpc  0  0  7          6     7     10    4  5  1  0  0  0  0  0  
Stack: 0 0 0 0 0 0 | 0 1 1 13 

6   cal  0  0  2          2     11    10    4  5  1  0  0  0  0  0  
Stack: 0 0 0 0 0 0 | 0 1 1 13 

2   inc  0  0  4          3     11    14    4  5  1  0  0  0  0  0  
Stack: 0 0 0 0 0 0 | 0 1 1 13 | 0 7 7 7 

3   mul  1  1  0          4     11    14    4  20 1  0  0  0  0  0  
Stack: 0 0 0 0 0 0 | 0 1 1 13 | 0 7 7 7 

4   sub  0  0  2          5     11    14    3  20 1  0  0  0  0  0  
Stack: 0 0 0 0 0 0 | 0 1 1 13 | 0 7 7 7 

5   jpc  0  0  7          6     11    14    3  20 1  0  0  0  0  0  
Stack: 0 0 0 0 0 0 | 0 1 1 13 | 0 7 7 7 

6   cal  0  0  2          2     15    14    3  20 1  0  0  0  0  0  
Stack: 0 0 0 0 0 0 | 0 1 1 13 | 0 7 7 7 

2   inc  0  0  4          3     15    18    3  20 1  0  0  0  0  0  
Stack: 0 0 0 0 0 0 | 0 1 1 13 | 0 7 7 7 | 0 11 11 7 

3   mul  1  1  0          4     15    18    3  60 1  0  0  0  0  0  
Stack: 0 0 0 0 0 0 | 0 1 1 13 | 0 7 7 7 | 0 11 11 7 

4   sub  0  0  2          5     15    18    2  60 1  0  0  0  0  0  
Stack: 0 0 0 0 0 0 | 0 1 1 13 | 0 7 7 7 | 0 11 11 7 

5   jpc  0  0  7          6     15    18    2  60 1  0  0  0  0  0  
Stack: 0 0 0 0 0 0 | 0 1 1 13 | 0 7 7 7 | 0 11 11 7 

6   cal  0  0  2          2     19    18    2  60 1  0  0  0  0  0  
Stack: 0 0 0 0 0 0 | 0 1 1 13 | 0 7 7 7 | 0 11 11 7 

2   inc  0  0  4          3     19    22    2  60 1  0  0  0  0  0  
Stack: 0 0 0 0 0 0 | 0 1 1 13 | 0 7 7 7 | 0 11 11 7 | 0 15 15 7 

3   mul  1  1  0          4     19    22    2  1201  0  0  0  0  0  
Stack: 0 0 0 0 0 0 | 0 1 1 13 | 0 7 7 7 | 0 11 11 7 | 0 15 15 7 

4   sub  0  0  2          5     19    22    1  1201  0  0  0  0  0  
Stack: 0 0 0 0 0 0 | 0 1 1 13 | 0 7 7 7 | 0 11 11 7 | 0 15 15 7 

5   jpc  0  0  7          6     19    22    1  1201  0  0  0  0  0  
Stack: 0 0 0 0 0 0 | 0 1 1 13 | 0 7 7 7 | 0 11 11 7 | 0 15 15 7 

6   cal  0  0  2          2     23    22    1  1201  0  0  0  0  0  
Stack: 0 0 0 0 0 0 | 0 1 1 13 | 0 7 7 7 | 0 11 11 7 | 0 15 15 7 

2   inc  0  0  4          3     23    26    1  1201  0  0  0  0  0  
Stack: 0 0 0 0 0 0 | 0 1 1 13 | 0 7 7 7 | 0 11 11 7 | 0 15 15 7 | 0 19 19 7 

3   mul  1  1  0          4     23    26    1  1201  0  0  0  0  0  
Stack: 0 0 0 0 0 0 | 0 1 1 13 | 0 7 7 7 | 0 11 11 7 | 0 15 15 7 | 0 19 19 7 

4   sub  0  0  2          5     23    26    0  1201  0  0  0  0  0  
Stack: 0 0 0 0 0 0 | 0 1 1 13 | 0 7 7 7 | 0 11 11 7 | 0 15 15 7 | 0 19 19 7 

5   jpc  0  0  7          7     23    26    0  1201  0  0  0  0  0  
Stack: 0 0 0 0 0 0 | 0 1 1 13 | 0 7 7 7 | 0 11 11 7 | 0 15 15 7 | 0 19 19 7 

7   ret  0  0  0          7     19    22    0  1201  0  0  0  0  0  
Stack: 0 0 0 0 0 0 | 0 1 1 13 | 0 7 7 7 | 0 11 11 7 | 0 15 15 7 

7   ret  0  0  0          7     15    18    0  1201  0  0  0  0  0  
Stack: 0 0 0 0 0 0 | 0 1 1 13 | 0 7 7 7 | 0 11 11 7 

7   ret  0  0  0          7     11    14    0  1201  0  0  0  0  0  
Stack: 0 0 0 0 0 0 | 0 1 1 13 | 0 7 7 7 

7   ret  0  0  0          7     7     10    0  1201  0  0  0  0  0  
Stack: 0 0 0 0 0 0 | 0 1 1 13 

7   ret  0  0  0          13    1     6     0  1201  0  0  0  0  0  
Stack: 0 0 0 0 0 0 

13  sio  1  0  1          14    1     6     0  1201  0  0  0  0  0  
Stack: 0 0 0 0 0 0 

14  sio  0  0  3          15    1     6     0  1201  0  0  0  0  0  
Stack: 0 0 0 0 0 0 

